$ 1 0.000005 10.20027730826997 50 5 43 5e-11
v 464 496 464 288 0 0 40 24 0 0 0.5
w 656 288 656 384 0
370 656 288 752 288 3 0 0
370 656 384 752 384 3 0 0
w 656 288 656 192 0
370 656 192 752 192 3 0 0
r 752 192 864 192 0 6
r 752 288 864 288 0 6
r 752 384 864 384 0 2
370 864 288 944 288 3 0 0
370 864 192 944 192 3 0 0
370 864 384 944 384 3 0 0
w 944 192 944 288 0
w 944 288 944 384 0
370 464 288 656 288 3 0 0
370 944 288 1104 288 3 0 0
w 1104 288 1104 352 0
w 1104 352 1056 352 0
w 1104 352 1152 352 0
370 1056 352 1056 416 3 0 0
370 1152 352 1152 416 3 0 0
r 1056 416 1056 464 0 8
r 1152 416 1152 464 0 12
w 1056 464 1056 496 0
w 1152 464 1152 496 0
w 1056 496 1104 496 0
w 1104 496 1152 496 0
370 1104 496 1104 560 3 0 0
w 1104 560 464 560 0
370 464 560 464 496 3 0 0
g 464 560 464 608 0 0
p 768 144 848 144 3 0 0 10000000
p 1200 416 1200 464 3 0 0 10000000
w 1152 416 1200 416 0
w 1152 464 1200 464 0
w 752 192 768 144 0
w 848 144 864 192 0
