$ 1 0.000005 10.20027730826997 50 5 43 5e-11
v 432 400 432 272 0 0 40 10 0 0 0.5
w 736 112 928 112 0
r 928 288 928 480 0 1.5
w 928 480 736 480 0
w 736 464 736 384 0
w 736 464 736 480 0
w 736 384 800 384 0
w 736 384 672 384 0
w 672 208 736 208 0
w 736 208 800 208 0
w 432 480 432 400 0
r 672 208 672 384 0 4
r 800 208 800 384 0 4
g 432 480 432 528 0 0
370 432 272 432 112 3 0 0
370 432 112 544 112 3 0 0
r 544 112 736 112 0 4
370 736 112 736 208 3 0 0
370 928 112 928 192 3 0 0
r 928 192 928 288 0 0.5
370 736 480 432 480 3 0 0
