$ 1 0.000005 10.20027730826997 50 5 50 5e-11
v 32 272 32 192 0 0 40 5 0 0 0.5
w 32 192 32 96 0
r 208 96 208 256 0 5
w 208 256 336 256 0
r 208 256 208 384 0 5
w 32 272 32 384 0
w 208 384 336 384 0
162 336 256 336 320 2 default-led 1 0 0 0.01
w 336 320 336 384 0
p 160 144 160 208 3 0 0 10000000
p 176 288 176 352 3 0 0 10000000
w 160 144 208 96 0
w 160 208 208 256 0
w 176 288 208 256 0
w 176 352 208 384 0
370 32 96 208 96 3 0 0
370 208 384 32 384 3 0 0
v 544 272 544 160 0 0 40 5 0 0 0.5
w 544 160 544 64 0
w 880 384 720 384 0
w 720 384 544 384 0
w 544 272 544 384 0
w 544 64 720 64 0
w 720 64 880 64 0
370 720 64 720 160 3 0 0
370 880 64 880 160 3 0 0
r 720 160 720 272 0 5
r 880 160 880 272 0 5
370 720 272 720 384 3 0 0
370 880 272 880 384 3 0 0
x 102 456 284 459 4 24 Divisor\sde\svoltaje
x 625 457 831 460 4 24 Divisor\sde\scorriente
