$ 1 0.000005 10.20027730826997 50 5 43 5e-11
v 704 576 704 416 0 0 40 72 0 0 0.5
370 704 416 704 272 3 0 0
370 704 272 944 272 3 0 0
r 944 272 944 416 0 12000
w 944 416 944 464 0
w 944 464 848 464 0
w 848 464 848 512 0
w 944 464 1040 464 0
w 1040 464 1040 512 0
r 848 512 848 592 0 9000
r 1040 512 1040 592 0 9000
w 848 592 848 640 0
w 1040 592 1040 640 0
w 1040 640 848 640 0
370 848 640 704 640 3 0 0
w 704 576 704 640 0
g 704 640 704 704 0 0
370 704 272 576 272 3 0 0
w 576 272 368 272 0
r 576 272 576 448 0 24000
r 368 272 368 448 0 24000
w 368 448 480 448 0
w 480 448 576 448 0
r 480 448 480 640 0 12000
370 480 640 704 640 3 0 0
w 784 512 848 512 0
w 784 592 848 592 0
p 784 512 784 592 3 0 0 10000000
