$ 1 0.000005 10.20027730826997 50 5 43 5e-11
v -128 224 -128 112 0 0 40 0.9 0 0 0.5
w -128 112 -128 16 0
w -128 16 32 16 0
w -128 224 -128 320 0
w -128 320 16 320 0
w 32 16 96 16 0
r 96 16 256 16 0 1000
w 256 16 304 16 0
w 560 16 560 80 0
162 560 80 560 224 2 default-led 1 0 0 0.01
w 560 224 560 320 0
w 560 320 416 320 0
w 208 320 16 320 0
p 32 16 16 320 3 0 0 10000000
p 112 80 240 80 3 0 0 10000000
w 112 80 96 16 0
w 240 80 256 16 0
p 608 80 608 224 3 0 0 10000000
w 608 80 560 80 0
w 608 224 560 224 0
w 208 320 416 320 0
370 304 16 560 16 3 0 0
o 0 64 0 4099 2.5 0.00009765625 0 2 0 3
