$ 1 0.000005 10.20027730826997 50 5 50 5e-11
R 864 320 864 176 0 0 40 22 0 0 0.5
w 864 320 1040 320 0
w 864 320 688 320 0
370 1040 320 1040 432 3 0 0
r 1040 432 1040 528 0 10000
w 688 320 688 416 0
r 688 416 688 528 0 40000
w 688 528 688 608 0
w 1040 592 1040 528 0
w 1040 624 1040 688 0
r 1040 688 1040 784 0 1000
370 1040 784 1040 880 3 0 0
w 1040 880 864 880 0
w 864 880 688 880 0
w 688 608 688 688 0
r 688 688 688 784 0 4000
w 688 784 688 880 0
g 864 880 864 944 0 0
w 1040 592 1088 560 0
w 688 608 880 608 0
w 896 592 880 608 0
p 896 624 1008 656 3 0 0 10000000
w 880 608 896 624 0
w 1008 656 1040 624 0
w 1040 624 1088 656 0
p 1088 560 1088 656 3 0 0 10000000
p 640 432 640 512 3 0 0 10000000
p 640 688 640 784 3 0 0 10000000
w 640 688 688 688 0
w 640 784 688 784 0
w 640 432 688 416 0
w 640 512 688 528 0
w 1200 352 1392 704 0
w 1280 384 1280 688 0
w 1360 352 1472 688 0
w 1360 368 1456 368 0
w 1456 368 1504 416 0
w 1520 432 1536 480 0
w 1536 512 1552 560 0
w 1552 592 1536 640 0
w 1504 672 1488 688 0
t 880 608 1040 608 0 1 -6.599528510121388 0.6031850937417855 100 default
p 1008 576 896 592 3 0 0 10000000
w 1008 576 1040 592 0
p 1088 704 1088 768 3 0 0 10000000
w 1088 704 1040 688 0
w 1088 768 1040 784 0
